0.2968070198823937;
0.2371031327326839;
0.2860238325687553;
0.310562176717405;
0.28566625484065583;
0.23584936225511532;
0.306531831194302;
0.31916592119807324;
0.2954542418032569;
0.2892281627339357;
0.3032368413970287;
0.25637082846106446;
0.3401984858010772;
0.27245230859959124;
0.33510006104638346;
0.3069851264574411;
0.26332303420737413;
0.3039698955253124;
0.32574851374039787;
0.3301387837977082;
0.24130061651469362;
0.28948000465521934;
0.2514099288802548;
0.28565348593712186;
0.34087790297190035;
0.2325980265049513;
0.2269212079413065;
0.23714337528873883;
0.28119437634638467;
0.2595177154798949;
0.3227221610260723;
0.23471792041389214;
0.27161632546657455;
0.3277173478453303;
0.2697487433317891;
0.2758656593500852;
0.23986188093372943;
0.2570455011081573;
0.2766761289125759;
0.29508810710172323;
0.2960907689398404;
0.280412209891514;
0.3096010214509266;
0.29200028955440605;
0.3013148240953681;
0.2959779757520231;
0.25285308225171227;
0.24447436430132288;
0.33766502275370053;
0.260698953035989;
0.35603833399895685;
0.23284039428298783;
0.2793086234492688;
0.32081186242810555;
0.22807539247672456;
0.2704760295560786;
0.30468317517773846;
0.27830609576893983;
0.2841611533547225;
0.32941063568838275;
0.2850301673809152;
0.24874757256170912;
0.24889373910053678;
0.2911360135045266;
0.34022780882142634;
0.3355519520567855;
0.24941989418237398;
0.25689162316184705;
0.30808040643129364;
0.29480211206686613;
0.26860470157540806;
0.2446027141745362;
0.2922496152442785;
0.23909680238307923;
0.2739974285630162;
0.31919192741199753;
0.2065772630605682;
0.3599736671381678;
0.2853232159065715;
0.3154987912730607;
0.32326541262479647;
0.27817868849451355;
0.33175730422222666;
0.24584024932866652;
0.3090589166181629;
0.3537841535480033;
0.3176762600484598;
0.33767727714104906;
0.31885180585855577;
0.3243624925907327;
0.3060201287724502;
0.309272015436517;
0.24717972128091645;
0.24356280110559414;
0.3007207920564795;
0.2933601132909538;
0.346835325512651;
0.3169821463158;
0.2671488860161782;
0.2659324100014352;
