0.33032272992190465;
0.24127932853351303;
0.30170603638799315;
0.28050029149989114;
0.3645367079915858;
0.276967363655407;
0.27351174510777776;
0.2960721107019247;
0.28323269848973653;
0.2662301153017744;
0.28883214557545756;
0.3005412502976664;
0.24152432943767912;
0.30425800400522623;
0.2850106280110997;
0.2940641811036683;
0.29125324259971225;
0.2635506415622508;
0.2916965068277436;
0.29641733848285645;
0.25200452622592795;
0.299543109776254;
0.32046328612200625;
0.30537054081116927;
0.2932451994358261;
0.31979142875689026;
0.34213928249778097;
0.33335835174845735;
0.31302642510705064;
0.30600238461812473;
0.2680015175618679;
0.24845852652793346;
0.23897483963235064;
0.28504274798390217;
0.3022667137586295;
0.24887631077939132;
0.2713850420665652;
0.2619700890223694;
0.30108166157273536;
0.31576773401607217;
0.22984221591116344;
0.27453317705957336;
0.28450437401023754;
0.30334780879848977;
0.22431421480642452;
0.3186539046975838;
0.26705363459603587;
0.37417753010363386;
0.1939293080619444;
0.23722804325708569;
0.2916120371815269;
0.2723260857708564;
0.24157832227976592;
0.2707449356486355;
0.26408956299955494;
0.2316082815141219;
0.29580420296453036;
0.26288228379640743;
0.27002785349546005;
0.24307511739253176;
0.3306381196710822;
0.26922212510609483;
0.27667074288965493;
0.3190362309008599;
0.2840753501119455;
0.2658876422550872;
0.2838634058803023;
0.2766734577374;
0.3435175512658625;
0.2863532532540723;
0.30910524670826045;
0.32060379878146866;
0.2757252673296924;
0.31194587838431687;
0.2570063813259748;
0.2843248828412401;
0.2621409144407449;
0.24979417687982255;
0.23716625126734556;
0.2727289838650173;
0.28825650223256644;
0.2713450058452813;
0.3085782920682259;
0.29731375275028205;
0.24067855300188654;
0.2937564055334892;
0.30242671653667136;
0.32964915818958934;
0.3331961979771753;
0.2789929490553729;
0.2456920023639572;
0.2803991117366155;
0.3109665993575769;
0.20795284298401565;
0.2625108280407938;
0.2905289225324617;
0.2292821178288033;
0.2857675338715946;
0.2328789506501648;
0.29079364133577784;
0.2923014503098369;
0.3475503530545081;
0.3005056618767526;
0.24287246812546595;
0.2219888922588006;
0.26680525865179905;
0.2370219420082177;
0.3090081558191734;
0.312389485407402;
0.263205210872473;
0.22717481041854182;
0.2587790666487915;
0.31950028506461503;
0.2719334024646701;
0.22679615089002675;
0.2681220188088371;
0.29857223696577184;
0.3741024000217037;
0.27792423213815565;
0.2902247826894415;
0.25089721742182447;
0.2693069233006336;
0.26278487537030293;
0.2684747304968144;
0.25721627063757574;
0.31561375614688364;
0.28413419139106283;
0.287968383291149;
0.33069585706917465;
0.2953371993594968;
0.2641400286942177;
0.2628165450223053;
0.23856192669846862;
0.26787252898481123;
0.3298334136366676;
0.29880961614556806;
0.26354907971675645;
0.23918701168752737;
0.34343960741730484;
0.3360876842612126;
0.24960134416424182;
0.29320971180429084;
0.29350038923883803;
0.30662167106094285;
0.26612938564609245;
0.24600160293943638;
0.3298737544330023;
0.26407949726315033;
0.2536292511391746;
0.28903974575676;
0.2726533472765897;
0.30584710548021055;
0.29919897654603733;
0.33599068932689446;
0.2547355915571373;
0.26234759961690013;
0.2735449981888481;
0.2597743174324163;
0.29644340877936437;
0.26693899621367934;
0.30798170342817005;
0.28366140151152675;
0.32116000540225415;
0.22696108253849187;
0.3326317432590586;
0.27671728361971853;
0.3270624617787319;
0.26383980252422495;
0.24828764193583663;
0.26173519698107706;
0.28310023333197487;
0.2963567781582324;
0.28633687324351065;
0.28779176314243654;
0.2453934644709654;
0.3035947433533751;
0.29851569626511226;
0.2723986838606452;
0.28874305513881093;
0.2900301441573312;
0.2887397101720271;
0.279732251937701;
0.29514976962872924;
0.25075807578775183;
0.1766579132592598;
0.23783976985365726;
0.27110392310948045;
0.25941614671457347;
0.30847140374633464;
0.2486430250458325;
0.30047311022539047;
0.2725945765518226;
0.24732620939310762;
0.31423190537893847;
0.3290188010155892;
0.22778241137100028;
0.27578821480361293;
0.3413323799950718;
0.2982074073342934;
0.19816029042587716;
