0.3352476019692827;
0.296556633601396;
0.4842214054983212;
0.27892210658083455;
0.24105262294773497;
0.32868477362750154;
0.3104743947699735;
0.28455197435269597;
0.2550411208529295;
0.25273778058280083;
0.30649016418457264;
0.30810277311626133;
0.28753308137212036;
0.34035379527696036;
0.32879227215272455;
0.271555072669847;
0.2449000468356493;
0.27947346784445765;
0.23855622488273578;
0.2882864348683327;
0.28658412222690166;
0.2786419751415468;
0.3128323888801414;
0.36433744290489123;
0.5131363140135371;
0.28481780683621055;
0.2600377247364388;
0.33341744211172275;
0.20540709478504943;
0.2971003460953905;
0.28330286701837015;
0.24613515940765815;
0.2855374550544869;
0.2511292495897681;
0.3411925768454083;
0.43588974626447247;
0.31052221640500366;
0.4405685387372892;
0.26719181354607185;
0.2862037576805763;
0.2411615600841029;
0.3417429211713777;
0.2954185884156838;
0.24922665620969042;
0.27408183128908103;
0.2998466655909565;
0.2610711347425416;
0.29622783734195635;
0.2540976229270547;
0.26710657709532876;
0.3617173026860621;
0.26166044683836753;
0.2623626247718573;
0.2411783786115102;
0.2265806989542295;
0.4320383809879217;
0.2847745608495435;
0.30049721347747094;
0.24007064814347984;
0.34930870251644813;
0.28534949875916427;
0.37981430471066374;
0.2750337054646455;
0.3646551796555007;
0.2565048898700878;
0.2711343481217501;
0.3322223056222434;
0.27719589797283306;
0.32709382719682745;
0.3255045716220536;
0.2851546402468302;
0.29485574951379284;
0.3119938900721862;
0.26450642577082256;
0.3213522345330882;
0.256558890259153;
0.28881177668445135;
0.2698013137767756;
0.2905556261680772;
0.29316052019461575;
0.2848699732638489;
0.298968557981135;
0.280900118862314;
0.34545901991415107;
0.34323681060871863;
0.3070352134834015;
0.2717495342544348;
0.4680355502751931;
0.3313908502368317;
0.3352571735839928;
0.281289460834247;
0.2982415755079306;
0.28842029359328875;
0.2945478914764774;
0.26154308863867437;
0.25189406340992654;
0.2686046292993195;
0.36019940640204673;
0.271491890305239;
0.2742011784169663;
0.3067164663868098;
0.3099641867006531;
0.26873094860212593;
0.2846452140872164;
0.31254229119266863;
0.3037498800802666;
0.2954581661812741;
0.28509833871905865;
0.36196144521887885;
0.22373146286449747;
0.2560351596138038;
0.2955697338971967;
0.27058794429829197;
0.2565249842447653;
0.2525377345119963;
0.2936962497750592;
0.29645419714355614;
0.285845646268155;
0.25395422399206746;
0.33185092583864306;
0.24415245597475832;
0.24498302835531752;
0.27817219613077443;
0.3090144594470176;
0.4886242192204054;
0.26507148621131565;
0.2654638724582222;
0.2637903712744536;
0.471843504668217;
0.3650654537117856;
0.2948742836500694;
0.28356464141880194;
0.30007855457232635;
0.2890256476684563;
0.29715170194656043;
0.290617722983128;
0.34323535895542423;
0.2870326847426487;
0.2579175347836832;
0.21843518051212008;
0.2516424645814472;
0.22466832233890036;
0.2678241742525168;
0.2797036857533892;
0.24191911445529177;
0.33457080967851355;
0.339038546314683;
0.23483928865531173;
0.29274979945218044;
0.19689524658657823;
0.35986765861023007;
0.2808295004310184;
0.2383806580052667;
0.31602942157228425;
0.27902159710628904;
0.3174347470510856;
0.2897372591586549;
0.2882037637287539;
0.270866932880305;
0.30175355036834595;
0.2430947397757882;
0.30884093624072084;
0.28311029539164717;
0.23621788199865218;
0.2917375884063072;
0.3541711493090906;
0.2917680392771686;
0.338324145277044;
0.3539904373473995;
0.3021275214408994;
0.26478388089050425;
0.3225020414313375;
0.2733596293889521;
0.2567668240531016;
0.32640455134023755;
0.2703322542810438;
0.30149859561867626;
0.2990681451529252;
0.33105473524922985;
0.28190751908493383;
0.2631302605779568;
0.3477137300348391;
0.24871064677041033;
0.2770205730824433;
0.33565154663760294;
0.3444679278019365;
0.28787169239085453;
0.25656299957575956;
0.3090132162169806;
0.21867750580444079;
0.28002145093658537;
0.3110953690003775;
0.29514317297795833;
0.2903966086578012;
0.25038782347996563;
0.23317508115622818;
0.27369576756372693;
0.25516162187568875;
0.3122672824409076;
0.24435298873511047;
