0.31435468437372444;
0.35018519378279533;
0.2780036228863077;
0.23627439624517182;
0.3355668743663744;
0.35656217884368074;
0.2854079475381577;
0.3020461181633029;
0.27346464464191994;
0.34149938760247894;
0.31635249795101494;
0.2452254826473913;
0.2949635968423616;
0.27807699387143076;
0.321543721612063;
0.29526526166056427;
0.28059761728585736;
0.29383792690342125;
0.2619318117193705;
0.2839504695016299;
0.26238470282788595;
0.3068414261400458;
0.2028347137605261;
0.2990486490469038;
0.28370255994639737;
0.2633427910230446;
0.2665788806391044;
0.2859165043475239;
0.2666894758866953;
0.2805140077023516;
0.326498373445901;
0.2558413828106556;
0.3020271769228751;
0.2614420272632733;
0.319081398755583;
0.2553739723554064;
0.22765961917331531;
0.2654819041817986;
0.30995348697138864;
0.3114114827586751;
0.3199097131338118;
0.31116837981260237;
0.29067738054913367;
0.37996262165741435;
0.3338723991617798;
0.3167404053225612;
0.3003310702146752;
0.2623785483983928;
0.29209599840036704;
0.3047270510350528;
0.2748701327446901;
0.2850579322966701;
0.3180307551186053;
0.3138646480298894;
0.2651478132435049;
0.23755993022589067;
0.3100830679921932;
0.27440709248034506;
0.23374665865272115;
0.27132290296787415;
0.28466967059883325;
0.3181622083186251;
0.2646864852653208;
0.313916497834329;
0.3024962209940574;
0.26430162275812114;
0.29419995145356514;
0.2577638062916141;
0.29495298315359497;
0.31441755534722915;
0.25447588922869996;
0.3250138303346614;
0.31145118978275566;
0.28222074074742276;
0.33403136323641625;
0.2653284357647958;
0.35246486331601967;
0.33239737448131146;
0.33139194334255434;
0.25353778755163314;
0.2716075066962629;
0.343302740850332;
0.33967216021342944;
0.28404003476735795;
0.24627705770894198;
0.31041745023047596;
0.28809595067467636;
0.2655231804656928;
0.28836108793243204;
0.23398745137655624;
0.24773648703738746;
0.26352537346609906;
0.2328052527162711;
0.2484500273451978;
0.24653786737124403;
0.3147640026439968;
0.2798993629160299;
0.3020053989814732;
0.263572399444388;
0.26644259651364804;
0.3320395613516143;
0.2763557917542988;
0.301636942204728;
0.2915177227741285;
0.29753142976930824;
0.27422032390042966;
0.31765374613302133;
0.24109148989758936;
0.34785041316762416;
0.22892641273962536;
0.20051777759863035;
0.26556655827484216;
0.2912622692601522;
0.2709573529539479;
0.23953578014078947;
0.3080219921089966;
0.3139910171699092;
0.2259232577913049;
0.31908495537606607;
0.2978280480759888;
0.2756460806355714;
0.3111819088891602;
0.28447303308479965;
0.20973594123847206;
0.27290411879042176;
0.2772543738751497;
0.25827313869069785;
0.2554612928584652;
0.3356702876652754;
0.22372870288315713;
0.3457293321583296;
0.28673913516344224;
0.2723470814899668;
0.33512799460385934;
0.2790190099326757;
0.3155290164848787;
0.3068160980485945;
0.2942743132385666;
0.2768678137776482;
0.29010062017088145;
0.2530207833331277;
0.2756218021319145;
0.3197113283796038;
0.3316405460222377;
0.30059233266612445;
0.2796976669988201;
0.25704340492738387;
0.28071000721452255;
0.31027402627183887;
0.24954958708813332;
0.23983083791599175;
0.2658468421532333;
0.31403322806977724;
0.3234047565697738;
0.2330679032827558;
0.30531295461898367;
0.2753321885788772;
0.36331934750310546;
0.27897694409003965;
0.24758211181330503;
0.3180638621183415;
0.27776118529362054;
0.3129685029546179;
0.25418277527697347;
0.3047097309207603;
0.298846322437222;
0.26680726865399523;
0.2655967124448716;
0.2653965780200436;
0.3415639495933155;
0.29375075048936733;
0.298035715404344;
0.26778409717411816;
0.25447303085552464;
0.3224967155305672;
0.32689678769915015;
0.25456765556730493;
0.3211100664224499;
0.2706252797494893;
0.28163333310258365;
0.3302828181241583;
0.28608840589901163;
0.35265503423293865;
0.23676891246695603;
0.2753665285605697;
0.3085535428537194;
0.26259711571374333;
0.26285046418720304;
0.27302816637172006;
0.3019329522107064;
0.30319785542906597;
0.24112307839237132;
0.3022688201928682;
0.2578355414891285;
0.2483285316425617;
0.29957040656319306;
0.278199199978884;
0.3513698201150547;
0.2525820702916192;
0.33112681799284105;
