0.2702988460171538;
0.3044282609533496;
0.25642388229759977;
0.3088760514939041;
0.28912908565592216;
0.306836495293586;
0.36134628831872817;
0.2989812894648123;
0.30225671176408925;
0.34942953529953186;
0.2548555176044014;
0.2289960093191089;
0.30337771286774784;
0.3309000551821425;
0.29505373884434744;
0.323356733757564;
0.2649203342427183;
0.3292381994090842;
0.29995936850991767;
0.3134945629269319;
0.2810073025789903;
0.32877155209500025;
0.2851881986521518;
0.3145820626296141;
0.28790052269433575;
0.2868586970428161;
0.24368590514137498;
0.3261460914532104;
0.28213343142146474;
0.3053001653787487;
0.24932188886057788;
0.274334247323004;
0.3088259770942716;
0.25835108049385946;
0.2916596530302069;
0.23794594679513728;
0.31098060922867515;
0.32497151212795194;
0.28765226967104235;
0.2427148412701797;
0.33811977364314605;
0.2723882919303621;
0.3051938101766307;
0.24720972064021932;
0.28494344026028645;
0.29100690516156896;
0.2990916299542147;
0.2818333637729694;
0.3141248493598927;
0.30087390386167556;
0.27184737162511907;
0.30183394311883566;
0.26256197788646274;
0.30793850206246864;
0.23621164026333807;
0.23048466099718323;
0.33987184310143276;
0.2967675341046643;
0.3001557220948666;
0.3219555430460499;
0.26724352152836234;
0.30690469576646484;
0.2626635714349474;
0.2771515137724704;
0.27238302200338965;
0.26416964641585733;
0.3124119915682526;
0.2998373712273637;
0.26917530696642616;
0.25729166718756696;
0.27857308708176753;
0.29382641958523237;
0.28144546956622674;
0.3035384216256956;
0.3072094889691939;
0.27112543333068656;
0.31200960864126837;
0.30377122423905295;
0.29858414705691183;
0.25995235758459606;
0.23304528224729595;
0.2686360518314124;
0.30485504753372267;
0.2612506652791569;
0.19374186324494208;
0.31252023749641544;
0.31940940586677175;
0.3115263842483051;
0.33354856354932994;
0.30208715272478315;
0.31545772659935467;
0.3254001071990005;
0.29209675972795046;
0.28324788252120986;
0.2617700035502434;
0.2700953420683121;
0.27784189557044425;
0.2817162985522131;
0.24260965396976109;
0.25567968204999053;
0.2563473814799239;
0.25112264259283884;
0.28527629734670384;
0.2365113472119689;
0.3270332290254717;
0.278721070786185;
0.2916270609933813;
0.2571653358130264;
0.3347774794512282;
0.2717390577885979;
0.3647490593345918;
0.2997961124756502;
0.2137052731235878;
0.3405326153459157;
0.2384252543463055;
0.2953765062440844;
0.2863845222308522;
0.3180622560057876;
0.2960665754924074;
0.2826363354729488;
0.2944359791815459;
0.27521376062606284;
0.3044132051627391;
0.30117417290658915;
0.32008158372967865;
0.30823379739527973;
0.22245785077335384;
0.27292815427451095;
0.29347813114115423;
0.3644418106986823;
0.31992648317053574;
0.3299364135510718;
0.2512809936917639;
0.22689135151466291;
0.2737467192467759;
0.3115077443482675;
0.28351803314181007;
0.2536062710172747;
0.3043623511775692;
0.2722909421128954;
0.3457861336050038;
0.2770962688361341;
0.24373212709748754;
0.29945679003970693;
0.22745830414874685;
0.3046753046292696;
0.30387051021916295;
0.2722806197627077;
0.2470042397483556;
0.2982790508128614;
0.2787764006877924;
0.33203225652821616;
0.2769117920794314;
0.262673196289893;
0.3240143808894836;
0.30893817897502407;
0.2652504847277092;
0.3342057016881096;
0.3293224417659726;
0.29209207960258643;
0.32214802158867456;
0.24898597329319375;
0.26588366568513033;
0.2648857214300503;
0.27356654361914823;
0.2801143968250481;
0.2345783005841538;
0.2511734744020002;
0.23789568866718558;
0.2172040991311976;
0.23675083817121767;
0.2819563517559301;
0.2733516719257646;
0.2590708762255828;
0.28759092515490514;
0.25861450328513624;
0.27787641253660855;
0.3143974324439199;
0.29681529136234613;
0.22214010385748612;
0.30005025974216226;
0.2897097928792879;
0.30766859088318094;
0.22717819612505744;
0.2494000360109443;
0.3079208054356949;
0.34771761190657935;
0.28926937334549413;
0.21874861139581359;
0.24304952888419376;
0.2366726925629488;
0.23523042521043125;
0.28283687201597335;
0.34955291695080054;
0.29072962792940027;
0.29820164961327494;
0.2784322533395724;
0.24091017677396606;
0.24996856968382597;
0.2558372454433213;
