0.3127416935348896;
0.28739014500461435;
0.2848092004605928;
0.25815946510206134;
0.2910596586926185;
0.2748372126359582;
0.2033887373529681;
0.3059977148353265;
0.3319702731820982;
0.21038699987456932;
0.23580004794036674;
0.27013296987042806;
0.2868249903125007;
0.2771897773920466;
0.24927301895590287;
0.2666783660831372;
0.2964718858631633;
0.2925576490817572;
0.29073767176094856;
0.2932743735484301;
0.26604792120901694;
0.2802135358744039;
0.30809531441239374;
0.32860369460613337;
0.28454593986155924;
0.2584720073395671;
0.288680719340879;
0.2797666097671423;
0.27044466118085475;
0.2630200010170594;
0.3140163907662722;
0.25341829389832665;
0.3033663237212195;
0.2636180049965837;
0.38795840700700557;
0.2635556262697508;
0.2935759716089647;
0.2520777069821861;
0.2602619988661657;
0.23285688427147505;
0.22890308539495915;
0.28836339244149906;
0.27691408295848535;
0.2546282611002269;
0.25132660643010246;
0.2327919034314952;
0.26295296726320455;
0.23917929684681963;
0.32054418677415447;
0.2651370927242922;
0.4150731132367734;
0.24846188253984544;
0.24146225915061031;
0.30728574984799506;
0.2717311686807898;
0.2858832266607718;
0.3225994005546089;
0.2645612833180193;
0.25560617610308023;
0.25436236890606906;
0.32406017115505475;
0.35118709992558;
0.2955373579293876;
0.2776227322626527;
0.30455641351932217;
0.2848974326528418;
0.3325575370689397;
0.2979793429025323;
0.23538242694512979;
0.3262964098235419;
0.30583005016659637;
0.24724936925808444;
0.28924487993547693;
0.27931018351759035;
0.33707984250300904;
0.27049613122874594;
0.30994954117515894;
0.24393846867475466;
0.2741759726893659;
0.2551621419453318;
0.346682960450945;
0.2794922237761136;
0.24264393328372458;
0.21949664155184656;
0.273275938193048;
0.3090050057953943;
0.2614672632660861;
0.31073241739438795;
0.29597120687434675;
0.26620027781503214;
0.2954328532231321;
0.2956933247144887;
0.3330983631663997;
0.2254192367608253;
0.30207841318609785;
0.3268386671887159;
0.28989628954280205;
0.27998214244579467;
0.27224201047047636;
0.3447529513829267;
0.27648525356650294;
0.29419830124920326;
0.32576233555447165;
0.3082657717477281;
0.3096261486072533;
0.31038067740413566;
0.2887255394067044;
0.24437256288867004;
0.3311346866304512;
0.27221983862895033;
0.27847548507696684;
0.30230798579394275;
0.3340074171054038;
0.27218181601183306;
0.2191263528423328;
0.30780187884267474;
0.2793040852792182;
0.2985856338162208;
0.2904930339612957;
0.29115259985601644;
0.2691170105797098;
0.29751689988882074;
0.273569278850856;
0.30410826791088075;
0.2660165220015312;
0.2842842170225575;
0.35307016788535983;
0.26487295710744974;
0.27197167780598736;
0.2726014672471094;
0.2781924907393289;
0.28485493298407905;
0.2866368847361317;
0.22558241330696138;
0.3356024657374337;
0.4098585163749178;
0.2908361041308274;
0.2607320672918831;
0.3248528097544429;
0.25729587932791154;
0.2702157732754001;
0.29172145383741255;
0.3226112016123932;
0.22495077928335128;
0.3305615617420487;
0.28018391131839343;
0.359774465476106;
0.3131205500827901;
0.3046223961011696;
0.2225927225898896;
0.31985939022803966;
0.25037895884542677;
0.28418473685832263;
0.24167113451491776;
0.3505345013139822;
0.24224941170338696;
0.39402518206983145;
0.27932889515288095;
0.3474599308658526;
0.2778223047929733;
0.2913104956155814;
0.20664822766900953;
0.2664636596186667;
0.3205569275109582;
0.2275284532442755;
0.48814131718909487;
0.3139698821920972;
0.2283977392915388;
0.30565196237794906;
0.269295794774245;
0.26797286092620026;
0.29233643744229076;
0.29535724302670424;
0.31906167208569836;
0.2901728489621788;
0.1809914896234338;
0.2679183298532342;
0.27324297614069926;
0.28890626440934875;
0.5080952627691514;
0.36034761048799113;
0.29424833612477674;
0.2519459191202093;
0.23497879347234704;
0.25335588281801824;
0.31112325401359603;
0.27296523466320727;
0.2478967158098599;
0.3310198623173937;
0.30532394431693133;
0.4910650856091209;
0.25870288535780045;
0.29080415541617305;
0.3033731603898992;
0.3133072622706962;
0.3211324143278982;
0.3051798585174801;
0.3111283581649629;
0.27845037408366424;
0.31980867933420654;
