0.2138893460698807;
0.2706833515081008;
0.2768335303617469;
0.30088409297295315;
0.3318148610739785;
0.21696515006201011;
0.3073716640728379;
0.38360363535993597;
0.3189333842637668;
0.3236033706134236;
0.2828369088713077;
0.3009104383578573;
0.2573903921052375;
0.29537122786703035;
0.31773119892169693;
0.2781796775892608;
0.23622401565933654;
0.26013096991181667;
0.33654212775661696;
0.3805407967346515;
0.28733776797591937;
0.2350728428453442;
0.3165053231735457;
0.24543261090555465;
0.2958040584857;
0.3100069884059601;
0.3331213727645863;
0.2963506452100481;
0.285807765288274;
0.2579099096800779;
0.28811684507499224;
0.2657105671312552;
0.3366316030370454;
0.23571050567306745;
0.23546452607176988;
0.31238059290210246;
0.2456801748362109;
0.2590614678595717;
0.23913522331661802;
0.290671152692345;
0.24581418365382543;
0.25012464833636794;
0.2749518367493861;
0.28834125220475904;
0.3374781365508708;
0.3057034759360713;
0.3053656421565907;
0.2696015643607534;
0.31463538118922574;
0.27927026410341194;
0.25385867599726675;
0.3147517433191678;
0.3339077280200349;
0.2883971148313355;
0.33299952342366157;
0.322189813628141;
0.2859370274976557;
0.26177656397495047;
0.3198002017149456;
0.33293667352226886;
0.33735454348840643;
0.29973251179557747;
0.29116068812498525;
0.3734411575051768;
0.25613393677679097;
0.33768950761437144;
0.3076006394230605;
0.2767254158222325;
0.28178874842972773;
0.33234024558520836;
0.3627765498719694;
0.23155636492745593;
0.29264262464850554;
0.3263727590113381;
0.2954000027685471;
0.30851589229591325;
0.2884729541183331;
0.2924598068281716;
0.25939159235025006;
0.2830705622017936;
0.28815773211932494;
0.2670620000604749;
0.2046027057794112;
0.2746200631591974;
0.3175998579056404;
0.2483187782165154;
0.2601863256790371;
0.3255724825500875;
0.2682248907735712;
0.2817583671958846;
0.3166875656435792;
0.282627949213868;
0.29847744044902647;
0.290581607484756;
0.3364710562912284;
0.32601954593043625;
0.2918393834420577;
0.3024137832375094;
0.24656916608856932;
0.3095999512194111;
0.32549809236482863;
0.24900358248759769;
0.32496972587016215;
0.226037660578777;
0.27363374174153426;
0.2971617311486563;
0.29352963360929457;
0.2666567470159109;
0.2618207482638016;
0.27515307151623425;
0.35673995173441214;
0.28879045119002006;
0.31548307961175226;
0.38977239696026933;
0.2787194703502477;
0.286769651548611;
0.24071578946672934;
0.29032061878399196;
0.3520715061519008;
0.36512332531923447;
0.3519875183935322;
0.24936446420424563;
0.3291557261876492;
0.2913386962421882;
0.21765812244547303;
0.2516881655724008;
0.3264876638635102;
0.27363354303942533;
0.27746100144673375;
0.29291366370124455;
0.2945808178645293;
0.2693488175655914;
0.2727160546389519;
0.2856034161835982;
0.33655723892824563;
0.315327703722665;
0.26943575572095485;
0.2921897304154585;
0.2599216600055431;
0.2832449786951479;
0.27102336689106876;
0.28364073852527494;
0.3184556128714338;
0.3323106987712061;
0.28856614126048247;
0.35056746279717865;
0.2747429669069268;
0.33242204028414535;
0.27136972667342824;
0.2793862977474334;
0.26877116315947597;
0.2785027782798581;
0.2737119366807833;
0.29642771897486886;
0.2695069154539971;
0.28800845340078196;
0.25635770713752487;
0.3078921193571833;
0.31789930124999816;
0.33540579661122827;
0.28793537822688064;
0.3138478836581697;
0.2743309101151341;
0.2357209055142458;
0.30642044217029946;
0.29631543948413336;
0.2579203278625902;
0.2662458664540417;
0.37108864773551026;
0.2726249355725803;
0.26054616256896285;
0.2865832793184357;
0.2667561860716725;
0.2933066063382612;
0.28279974916447;
0.2737675653554858;
0.3189808010528877;
0.2824202766983868;
0.26596600440795504;
0.24924733869597104;
0.25961613466022415;
0.3182118728201009;
0.28453236386051456;
0.3623690624045502;
0.289955353366925;
0.27661693192861664;
0.347728216646354;
0.25539388553452563;
0.2940229480447397;
0.2710431139425465;
0.2363568920601169;
0.3913557866005978;
0.30126826026257114;
0.30505735720375526;
0.2345121458118897;
0.26951147282782345;
0.3261384946890199;
0.2693284571083426;
0.2779601820666867;
0.33029069740287975;
