0.29877160239525574;
0.29917583650178803;
0.2594162101489275;
0.3118438565699572;
0.2681118450365823;
0.27425577724043665;
0.2641854914972958;
0.2954172106509763;
0.3446211012723722;
0.2879083743249423;
0.2688038223161223;
0.24497523117609568;
0.31627808357110604;
0.250674627637359;
0.27342304310122884;
0.31642741611403574;
0.2484048668671451;
0.3308311391608742;
0.27894326401209246;
0.2581620749161604;
0.28733885790073965;
0.2821052919552869;
0.3257425972339256;
0.3006033160985493;
0.24492776151784296;
0.24064959679722248;
0.3056328493800569;
0.3364756535391525;
0.24378004544683446;
0.31066475016144496;
0.27941326846420894;
0.2831726015960444;
0.3242579794914433;
0.2631650666307671;
0.295396046043533;
0.27731518235866076;
0.31512622296123616;
0.2649355042201703;
0.262572572389016;
0.29582309775482135;
0.2726130708336662;
0.21896049442833498;
0.26470009751706236;
0.3137531914614129;
0.32688375584256063;
0.3452669336647288;
0.3064328606220833;
0.3152797937145131;
0.27620873707977256;
0.30513334418199695;
0.2082690506186228;
0.23942092315631897;
0.2729845261803603;
0.309685322793936;
0.41845491992539;
0.2896471048210274;
0.32032294535831063;
0.29278311919455324;
0.2655445510826382;
0.29939024559790256;
0.26652913959915664;
0.18196659302738766;
0.37256881654066704;
0.2908690070875344;
0.31718313124402664;
0.2980066017310153;
0.247241136082072;
0.29082116896677346;
0.33365070225828736;
0.35354261321201524;
0.333224266839158;
0.30363511714810426;
0.26163283546973176;
0.2803354313896955;
0.28949663802366776;
0.307342766036463;
0.318630548360508;
0.3221874310009213;
0.26880055469181124;
0.26097284223047773;
0.27801105050508584;
0.2193596384732727;
0.26197961784951856;
0.27958402781992686;
0.2748025136309673;
0.3248010608042229;
0.2925318370646062;
0.31979700480082174;
0.27530909928487435;
0.2824450352097839;
0.20576716676627996;
0.3236751907885985;
0.26181194613688036;
0.30634272685268865;
0.27310831491266213;
0.2932695164755896;
0.26761893210519955;
0.33253884562366237;
0.28185059212654023;
0.31566268222625604;
0.31893729947756955;
0.3260469937963619;
0.26987865971923075;
0.26381192452982516;
0.2599793532127172;
0.3047171685108305;
0.30328095349749673;
0.37384874614707647;
0.2818595226863401;
0.30479981065728157;
0.2671400623452775;
0.26812776085696766;
0.2681160814901731;
0.3175884384241578;
0.3211357038771096;
0.277483816203856;
0.2960945687253615;
0.305959690120111;
0.3070609143849983;
0.23950439838799167;
0.2949122235867064;
0.24511559760166096;
0.2570302094473645;
0.3383055629662458;
0.304219402387123;
0.310579744663375;
0.25474055577280286;
0.29395818787223127;
0.2750048086154563;
0.21931543812382956;
0.28793700352393803;
0.3112293406343573;
0.22960131825588367;
0.29120668178547066;
0.2584447594359677;
0.30976814313518247;
0.3203053705276256;
0.31169557031563094;
0.36488837105144656;
0.26013968566915807;
0.27544432022172677;
0.3235759576905818;
0.3135189991737415;
0.2576440324585425;
0.28768360234817114;
0.2841739401216568;
0.28367288456154605;
0.328963640989727;
0.31244365052884626;
0.3068486260564873;
0.35408145175571015;
0.23686413706864382;
0.2934225526264492;
0.2770445706363746;
0.25690209437065276;
0.3120895688110413;
0.3125770235402049;
0.25292972539774894;
0.36089313387414096;
0.31950492728749075;
0.28677254276058556;
0.316516831855552;
0.29583796907940857;
0.29290121706331645;
0.3275272816027481;
0.29665553165174247;
0.25260909548602334;
0.2715872066178473;
0.3049688698356713;
0.2938886141582427;
0.29446773925895614;
0.2741736247584253;
0.3255911187488252;
0.3082945210579455;
0.3955011493600389;
0.26609600311218773;
0.2265870106062462;
0.3078593786089528;
0.3193369331696373;
0.32675376445877047;
0.28109183099345014;
0.31165566216427626;
0.2547724881442582;
0.3075313132246222;
0.3871626130192247;
0.2801073780718217;
0.311928154394961;
0.23901269479120044;
0.28348379223437414;
0.2903642627195293;
0.25481518463544467;
0.2569987637580513;
0.29879369461282623;
0.2435957407951299;
0.26477658005843147;
0.2323089777435899;
0.31727500536519576;
0.27339477960653785;
0.297866083652053;
0.3016437434077019;
