0.550844170210221;
0.5169686342919921;
0.5551253054243123;
0.47187053418834013;
0.5019459451425416;
0.5706132422157159;
0.535353053984945;
0.4794593975773908;
0.49303155241611335;
0.4540351003158724;
0.5062590499909028;
0.456347472595845;
0.5287751511221627;
0.5378215917805835;
0.5281243006757516;
0.5378200769494262;
0.5009511741254259;
0.47096648459176377;
0.5021143772740505;
0.4259385455451134;
0.5658129800563433;
0.5691505001513422;
0.5569249884877484;
0.492842753869553;
0.4989944046711034;
0.537777491467909;
0.5290836347766077;
0.5461955714783945;
0.488801321860256;
0.5041598825957206;
0.48616023153520416;
0.5395908805489649;
0.5412999808019409;
0.524436559333396;
0.5214375294283411;
0.47792715665852376;
0.47694888016383324;
0.4900613699846004;
0.5120984738331988;
0.5882043062659437;
0.48363835311064535;
0.5034875442618894;
0.497053616806737;
0.5440552001858998;
0.46425283643169507;
0.5491608060255755;
0.49432981732926495;
0.5114335689172238;
0.5059710639144275;
0.43395690668303716;
0.4784569464914635;
0.4983368938617561;
0.5234700650236814;
0.560061672189611;
0.5440122128462563;
0.501183681841444;
0.45380435070978903;
0.5111544809038429;
0.47817582161940636;
0.48312079708609446;
0.5200329482685323;
0.5046533552272789;
0.4842963004526005;
0.48791783458758414;
0.527208770037188;
0.5779489076952161;
0.5503620108772804;
0.48230873165321597;
0.502242908939038;
0.46552871885571845;
0.5228956267126347;
0.4894020434246071;
0.45993353196785064;
0.548286084178768;
0.4953789834209313;
0.5044136548026507;
0.5115804122225088;
0.5112768549585182;
0.5771936185973522;
0.4759308171432815;
0.4847956597633172;
0.43283884164471864;
0.48934044703106383;
0.533787371629529;
0.4799134961700941;
0.530129046059994;
0.5160452851502442;
0.4803591937580173;
0.5099536690191198;
0.48797577219026145;
0.5182613596777835;
0.5388859909636393;
0.4799591880398497;
0.56597715139545;
0.4844077957652976;
0.5821351584069493;
0.47499102597219783;
0.41778893258573346;
0.5841360595864509;
0.4803198261797234;
0.4956530252930815;
0.48878737805442635;
0.5379673807124967;
0.4886409037407197;
0.48239992100801204;
0.5249093473766349;
0.4948479720675783;
0.4884932877636869;
0.464580027228624;
0.5175001492115602;
0.5020303475470588;
0.508637926600781;
0.5527256975701865;
0.4717372345535395;
0.48959453849265416;
0.5141966646690598;
0.54764645790442;
0.4772845484828586;
0.4461901768760185;
0.5168819428942338;
0.4909464690571646;
0.5047834936037464;
0.4741434254570352;
0.5224060712444684;
0.4854977195198873;
0.5059534537810175;
0.47067150437324484;
0.47528705303154284;
0.48127364104322656;
0.4939450201339665;
0.49167717758433943;
0.5048055186914887;
0.5217314689768633;
0.5228057180464444;
0.4805314989903918;
0.5045454073572564;
0.5444018736196136;
0.5592220010119927;
0.4676106361708059;
0.4646052895944446;
0.5286495337550771;
0.46420113305443983;
0.5492374568899503;
0.5645241201529996;
0.4898499695737432;
0.494447770897671;
0.4693535345626879;
0.5350110465646348;
0.4837078784499124;
0.5526332815387439;
0.4847450448071482;
0.49306268219971017;
0.5367647685086304;
0.47387586735326725;
0.4965443848013569;
0.5193183532279099;
0.4843526417906744;
0.5163063307682042;
0.5287620434516203;
0.4913827725714131;
0.5631389528599372;
0.48286646521532733;
0.50722008331108;
0.461331800427581;
0.4590758128714597;
0.4356656073603738;
0.5142336020609857;
0.5163754178968765;
0.46073219512950864;
0.48510666712137435;
0.5243559476431279;
0.4883095964105976;
0.5657291316195648;
0.498980810787049;
0.5733337177394493;
0.4921619966015054;
0.47450444415460163;
0.5233327362795469;
0.4513024293087958;
0.5250863628940713;
0.4554301344549108;
0.5211836881136719;
0.45662780036250245;
0.4972196224965781;
0.5448146430305683;
0.4976196782335365;
0.5225722863945728;
0.5176303183961786;
0.5015568481745318;
0.5191437873470427;
0.42348254805357155;
0.4687507492217991;
0.47365305205091446;
0.5049266086767542;
0.527370547379656;
0.5056295022345982;
0.48981619774259594;
0.5572209121886125;
0.5474111657318887;
0.4881588625527138;
