0.309935403988381;
0.29663687812461836;
0.28734397450008864;
0.3352478196816635;
0.2716877019669124;
0.32161094254479294;
0.31181727839590007;
0.25478087611420147;
0.30023400569646247;
0.27900579833584116;
0.31139906196922723;
0.32876601974583936;
0.2558011361747084;
0.2941689468135087;
0.30340907081373936;
0.29853916776662137;
0.2402363001015752;
0.24701134765062924;
0.2426484005988087;
0.26622462818075443;
0.29088450932631427;
0.2676861260772576;
0.2995504771118712;
0.39073475665012614;
0.31883769934905887;
0.2688799321127116;
0.3272435371297523;
0.2854506413531626;
0.24630801256503673;
0.2880537840799154;
0.2627626371163141;
0.2963689589860142;
0.37206630699149446;
0.2992715190364396;
0.2962916778886273;
0.30443906504444684;
0.2967904892109266;
0.31269659698777214;
0.22144655027117094;
0.25511036100608186;
0.2543717117813858;
0.34009544435080324;
0.238658624576538;
0.2750214725877112;
0.34657218567696924;
0.3101287915152544;
0.2672375306953032;
0.26836828154791725;
0.25013153013622375;
0.2505133389652615;
0.2868943780372295;
0.32960975878269827;
0.26681099789080026;
0.2934690327617789;
0.28027849030409435;
0.3146812691093421;
0.2851294049231743;
0.2604029820136061;
0.29249072602843695;
0.27706855151047766;
0.2877697962240306;
0.25056508248975484;
0.3159820210969803;
0.2828346788141742;
0.28440512808396873;
0.2900838111408543;
0.3361020869909431;
0.2989691527921337;
0.2426804538244938;
0.23187293060046305;
0.29971077171062666;
0.3057158922234938;
0.2976772837867863;
0.2679400505944865;
0.2056488849438178;
0.2587341215067957;
0.3358342633036225;
0.30693321753644415;
0.254551670197237;
0.26950176883128396;
0.26114343515480276;
0.2690074766713872;
0.25859002904481665;
0.33167635410768126;
0.2615783182727682;
0.26275277427788196;
0.2538649730639588;
0.2759275652515494;
0.30759433995468277;
0.251594952144436;
0.3130181907078865;
0.2855196629419947;
0.25201381908321285;
0.2503410698452634;
0.28706402000165837;
0.32787782121529163;
0.2643006999968408;
0.2619897537224691;
0.23336557231549918;
0.2672498142637894;
0.31646898636931786;
0.30256097267522786;
0.29107882973417537;
0.2727643983799465;
0.31874636279487;
0.31948559052426684;
0.319288353280654;
0.31138190773477725;
0.3105696574526512;
0.2516173012506474;
0.26594759204934953;
0.2546309415974518;
0.1814436497781376;
0.28744455126399443;
0.3285254348799511;
0.26709208948995433;
0.24415124963852283;
0.3182575080880279;
0.26764660002920265;
0.3659072917912605;
0.26627860628551686;
0.2543622115855218;
0.23695614215301106;
0.29996059373359396;
0.2900220683070747;
0.27025289012315706;
0.3003417943415766;
0.3619961627272239;
0.3040148232100147;
0.28806708489374633;
0.33632975498430684;
0.26497429897515035;
0.232127433688397;
0.32508721761232856;
0.24682908989625743;
0.3134500731996603;
0.21091662974644806;
0.3230650398472605;
0.31948206049239974;
0.25260984286666155;
0.28909544316772434;
0.2641815498872157;
0.3296916421941504;
0.2616461171080005;
0.22311240520026612;
0.2487799999636824;
0.2981670393740161;
0.3054165135254348;
0.28052616552235893;
0.27931308153507806;
0.2827559959038035;
0.27137012775307684;
0.28295924367642816;
0.292643046505336;
0.3120155041265676;
0.26082584020784055;
0.33189562350735136;
0.2678974059088748;
0.2689154652516071;
0.3276645377178688;
0.2878884391558829;
0.3594544037361066;
0.2663765274908491;
0.20943143914727172;
0.28822066897087484;
0.2731397325694564;
0.29299719531393187;
0.2726785149717236;
0.2979600704095724;
0.27258154305131915;
0.2759682740950123;
0.33485029346177675;
0.2609557256842258;
0.25181184980009497;
0.26743970180733917;
0.2810174185563293;
0.29118221228315433;
0.2659623495384115;
0.27806942451580857;
0.258974640430539;
0.3271558223108041;
0.24577004510776046;
0.25468565148043143;
0.2811903755496261;
0.28510979096474515;
0.3484966135331225;
0.3212467089267289;
0.2402875817550791;
0.3084514282566405;
0.2509649437204869;
0.2842575034581293;
0.3482067254889123;
0.2892536410024123;
0.30285378808069363;
0.2657227136175412;
0.2958508853677407;
0.2592631765698609;
0.23643514891804226;
0.31744548164322306;
0.3125283024738513;
