0.3199204325200034;
0.27583056918825255;
0.2961568626909516;
0.21771042358584558;
0.34922510655421957;
0.2790339095818014;
0.26363967876925437;
0.2762958108934746;
0.2550714147623494;
0.26165672158431147;
0.24158358785405587;
0.3148159000329179;
0.24799273943533515;
0.3174244944102321;
0.28402372235329354;
0.34528288917916017;
0.3226747076672634;
0.32588359950061535;
0.26604352710380474;
0.32550748707096294;
0.31583780029160363;
0.3142732619717618;
0.23598720498376913;
0.3394081651075955;
0.3417304326926378;
0.32242758846169556;
0.3158993857118356;
0.37239108948623584;
0.30436536627795596;
0.29582322863172783;
0.3050665825121229;
0.30331210119588653;
0.26646741165879556;
0.24177066136677944;
0.2942584142515184;
0.316225926515135;
0.28124457006098363;
0.3033394725397633;
0.323497248048267;
0.28250745701439983;
0.3051656744370956;
0.2571692829647774;
0.30110956812509665;
0.3282370528872064;
0.25225780908668566;
0.2802034180871998;
0.311389720785959;
0.30521162879681263;
0.29969843110992467;
0.27234533096175356;
0.3217335133261338;
0.3019240665780331;
0.26710873414022723;
0.2994192715660989;
0.3320991746976242;
0.24313895844950803;
0.28506290637827675;
0.2994534966856569;
0.3756193728830586;
0.2905508653319683;
0.2960851526549936;
0.3346477033033481;
0.30263159412727997;
0.30893722391631345;
0.29992652874473213;
0.2985683928536078;
0.2974326817683866;
0.27989420302524903;
0.2887501904484942;
0.30032926920049846;
0.3115382918352832;
0.25821573311429835;
0.21935158555428;
0.32408740296532007;
0.2927272104528986;
0.26118688682831803;
0.26873190514861395;
0.3027923941207424;
0.30611816853597645;
0.28420641284624976;
0.289070696531229;
0.28373755079033425;
0.3023796647434492;
0.29180515862746154;
0.34049536886777054;
0.2802272064355822;
0.2624634194882884;
0.21936320057231815;
0.24220706727989988;
0.2540120291366554;
0.2962398970928086;
0.2348442451753861;
0.33374642379953434;
0.2852517758744771;
0.3090036758896144;
0.23850243406915742;
0.2838171740954124;
0.2518165448175604;
0.31528499344433625;
0.3645370306349694;
