0.2617400102341535;
0.30145942210608756;
0.24301709136948252;
0.25410487967836426;
0.24629979726674073;
0.26741427967860143;
0.2817460101380806;
0.33923423390547813;
0.28078461899374235;
0.3205332815099953;
0.2842021677485594;
0.26695492954554756;
0.3124960636010501;
0.3259567940103263;
0.29775795034105035;
0.24076160176142458;
0.2705872277165165;
0.2936367688748865;
0.30312825261221404;
0.20997339392096895;
0.2856806599878867;
0.2903892262826553;
0.34634864662969667;
0.320441241963836;
0.2652188819884557;
0.28713877699589996;
0.3047466569530889;
0.22720585891968653;
0.2786596958106471;
0.3215573040893094;
0.2788924572853438;
0.2859673541431924;
0.3257741675931372;
0.3319832819250197;
0.2919293612692401;
0.29882962507307914;
0.3099937777596977;
0.2877329920655935;
0.30032794858189193;
0.2568110765728944;
0.3004392563949866;
0.3227455549674591;
0.3262900371632556;
0.2892524389999426;
0.27693048095185135;
0.2865007690113945;
0.29030535493483733;
0.3199685380444714;
0.31679709904703857;
0.297337865800396;
0.287189600392066;
0.2688261430730278;
0.2324376493224964;
0.28857015475921755;
0.2565420127499134;
0.2690443521357771;
0.3182885439417172;
0.24006722500060892;
0.22999975177965915;
0.24716136360175825;
0.289362276734623;
0.2567601124856501;
0.22358396301157557;
0.2662934354435828;
0.2448855346983126;
0.2671911418989532;
0.250968287039722;
0.312595325703503;
0.24662586371720668;
0.37756897394159855;
0.2613570856416845;
0.2170485424830199;
0.30449445461207275;
0.26718793143372743;
0.3174177359248982;
0.2890460892341091;
0.33384485512412;
0.3695114371029738;
0.30193493167545965;
0.25044481593998813;
0.32191247286119795;
0.32213276168533356;
0.301170067835384;
0.2524528866658654;
0.305178565141213;
0.24318780166183754;
0.250916193123665;
0.28381201819160107;
0.26190870130849314;
0.22934561469250095;
0.26498126696685464;
0.3432893393075278;
0.28240971595830305;
0.3078692656808373;
0.24751775651260882;
0.3056564407262373;
0.26042000268502635;
0.2804401460773389;
0.2736650414887509;
0.2113235949094156;
0.26274335054816705;
0.3238095433095737;
0.33118003973448124;
0.31099561740055476;
0.2565340793701656;
0.27530402801389686;
0.32073913265711096;
0.323583291242961;
0.29625747473771386;
0.31029826553873996;
0.32239547388538525;
0.33996690192559115;
0.273615776141088;
0.18265261551137968;
0.3285244078998691;
0.25536466153241705;
0.26686968639280667;
0.2597846579050703;
0.2817004191118653;
0.2925047530231343;
0.2315448639902395;
0.31314602870899394;
0.3065193433135925;
0.3153275979402287;
0.313190385352661;
0.2915475480212384;
0.2526703492652307;
0.23964703472130694;
0.23271864922667926;
0.3108633034904983;
0.2950682454685287;
0.3537506132299282;
0.22578110556886663;
0.24613386207743415;
0.27823440473097;
0.2909408247870123;
0.31630832292327793;
0.2706171814134229;
0.241535214873218;
0.288962635913716;
0.28617860910740167;
0.3037883966019749;
0.2888769102602067;
0.306641533186573;
0.29196000626206553;
0.1968930308837813;
0.28530408361386106;
0.23740801182434662;
0.28217442032877504;
0.2218865181153444;
0.2473367451275476;
0.2790701208522257;
0.25015887341085213;
0.2473307456016679;
0.29653839179385033;
0.3166406949463536;
0.27127518310553644;
0.2235716782603735;
0.2856864596639051;
0.28601776946932156;
0.2678857913039722;
0.23862506418586107;
0.2699673129862587;
0.28512597545314383;
0.27542036688787586;
0.2560839794448874;
0.2053505955440693;
0.2770054720523415;
0.305741431295534;
0.2564713450206927;
0.22772189952987332;
0.20107993097274587;
0.2842276871538347;
0.2762133000661143;
0.30590395442111784;
0.25384106687735125;
0.2783680614043529;
0.31088508768982953;
0.2487108056377262;
0.2937315046097247;
0.29884338310412273;
0.2971558797303939;
0.3105660409894201;
0.2737411327674771;
0.3456774817570146;
0.30654705144857564;
0.268120581636606;
0.2807461330087187;
0.22237223631709238;
0.23392481271318452;
0.3004944192785493;
0.26121206869957964;
0.2565205968478051;
0.30559434709037503;
0.29164876522072725;
0.2985509334679679;
0.2698857781693458;
0.2901958635396309;
0.35144977999636723;
0.25684663125086804;
