0.24248010648620344;
0.260413589284781;
0.2681187680594865;
0.2823926607813412;
0.3362228738908745;
0.2976089120856529;
0.23611649167621407;
0.3413582763694769;
0.25196717921639644;
0.31992405491195636;
0.29844284330408305;
0.26655093872347657;
0.3268330851586335;
0.257689486567143;
0.2300950852494116;
0.22445923934615827;
0.32118162547428875;
0.26645524908431273;
0.341976327603292;
0.22213331170792996;
0.24684049456674662;
0.2755934966786943;
0.29651766697923904;
0.28875497865240546;
0.2907664912797725;
0.248803888471106;
0.3069006027321679;
0.30342479370073483;
0.2937527249802006;
0.2878391381260094;
0.33951479085775366;
0.27442371777849667;
0.2470666734264232;
0.3416312875065703;
0.24460003278562528;
0.2940556287894927;
0.2827769273068009;
0.32741035397060153;
0.21924215418595566;
0.2933774120134703;
0.2666671438853655;
0.26380602157204347;
0.31615737405627875;
0.28312365793966265;
0.24926266062385166;
0.26842110062543445;
0.23745234432553153;
0.3110981933542139;
0.29765625599891476;
0.3401472261071079;
0.34955468017500535;
0.2767752901411621;
0.3211367587136409;
0.29098611576106803;
0.2856735057546157;
0.21200518211373617;
0.2888081779697049;
0.26297098523038065;
0.2514525999336411;
0.2505225192697917;
0.27579540708812916;
0.37674622015587345;
0.22753086439315554;
0.25076301092824255;
0.2962284582074968;
0.2844377767523429;
0.2914468875603697;
0.2803127028062763;
0.3418225088994719;
0.26548627764076344;
0.2833177041736993;
0.2663374755037386;
0.30464953001891687;
0.25461441255308315;
0.31457830557268573;
0.2743582341354752;
0.3303232272180621;
0.24771823308707575;
0.267580072669537;
0.2912573203348128;
0.34211575815310646;
0.30146793877875877;
0.2993950842117703;
0.31278200321697397;
0.2802614576549735;
0.2383772312161012;
0.2534103763843225;
0.201463634067099;
0.3078888386042273;
0.23285451316398428;
0.2570797212219773;
0.2724087182649757;
0.31662047692094614;
0.28165421851428313;
0.27969282144791097;
0.28540071748761126;
0.3120059597850475;
0.3389313159948196;
0.2798564902009929;
0.2751053415598645;
0.27186078173336603;
0.2254571510166332;
0.2495447424117943;
0.3461528250467783;
0.23964750485853223;
0.257549997630312;
0.2903856883450669;
0.2835401156640675;
0.298169067981452;
0.3055020207971227;
0.28589729039200207;
0.24622348598707242;
0.2652520147403713;
0.21933713909445443;
0.3327500218673584;
0.23479156683372035;
0.279950881000913;
0.239056034995651;
0.27985614201536285;
0.24090259892328564;
0.221940183667393;
0.2792547491178161;
0.3150325205208191;
0.3414994165762755;
0.25493480454718614;
0.30010815731578533;
0.30873108240682845;
0.32393846042766505;
0.28202350374556656;
0.2679412904185746;
0.3505856055095029;
0.28888139033452803;
0.32503243178578467;
0.2147790941769279;
0.2705798041935555;
0.27250284422336934;
0.29277612465397884;
0.31657747213084364;
0.32141379188484026;
0.23864677524755154;
0.3162546768812597;
0.2993845298752013;
0.3225864207580026;
0.25451335695184063;
0.2921257090801533;
0.23522430945733297;
0.26144458491895;
0.3093389295698531;
0.22991470238496967;
0.24245589796567238;
0.2848632097795901;
0.29401038987820644;
0.3082515256151232;
0.26299846931195797;
0.3077279013211946;
0.2707306074831002;
0.3089239756578746;
0.29898968239243473;
0.2587628254774693;
0.30174063652845023;
0.2738354095270845;
0.2959464100751084;
0.31029778925222845;
0.35972320425280363;
0.3065970241070167;
0.26685287050760303;
0.2673575148459053;
0.29769294892722675;
0.2559181534812553;
0.2932697415639054;
0.29190437284322124;
0.2567720489751742;
0.19249681251900325;
0.2785628453883192;
0.25408000507589024;
0.29101142566405025;
0.2993588427727353;
0.3475780586578921;
0.27673650003050176;
0.28027193336392076;
0.27104078136781;
0.3399173197377068;
0.2648342506541067;
0.31096613022232;
0.2489774329284776;
0.26861359496418413;
0.2786983046392734;
0.3313675818801787;
0.27559059170553096;
0.2430470250555313;
0.2729026092878911;
0.3193491908062011;
0.31510542214367365;
0.30797267136134443;
0.28795681056469247;
0.2656953559606475;
0.22888338539747288;
0.28257209539344025;
0.2557553733716858;
0.3721379653163223;
