0.32182415382294444;
0.326844467437452;
0.331548367834515;
0.2999286671354026;
0.29258369093049974;
0.32639069847477054;
0.27797289907772066;
0.30902215973760727;
0.27447405703591915;
0.2767355717759506;
0.3121229541908322;
0.30622624446250707;
0.23432479278529392;
0.31102341044408527;
0.3214322217246729;
0.22093632360126084;
0.2460928021765053;
0.27405678768588937;
0.26258990871989196;
0.24401783295345836;
0.3316147931390516;
0.32675465246396024;
0.3062720856960397;
0.19958745441678524;
0.30058812327139345;
0.30329048873188075;
0.24206315292602118;
0.2722280820149991;
0.32713413885536596;
0.3876821149144753;
0.26411522576836194;
0.32945582748876234;
0.2965257780261659;
0.25036751168297894;
0.30695784969790113;
0.26125151906447597;
0.32427864485520663;
0.3439144682866468;
0.2584702712504142;
0.2745369429660492;
0.3187805016286319;
0.3229179337427606;
0.2569920161714053;
0.3054847938155156;
0.2908509727434689;
0.2645589106751235;
0.24312938006256135;
0.2505965774269063;
0.24416738241562888;
0.3222965486052923;
0.2900458729913532;
0.25181391510662987;
0.3019342772907313;
0.2387655291554881;
0.27351713260315086;
0.32043631430028063;
0.34339325878409677;
0.30992600013517985;
0.27926610667872415;
0.31867065646796805;
0.2754221747939763;
0.3031374449264456;
0.2626294776392949;
0.3145630772808495;
0.30803513470816163;
0.218009057230489;
0.367170386452874;
0.2763621720464926;
0.30955321905405436;
0.2757121518585009;
0.2933260528565929;
0.29153155836372546;
0.32626050023917275;
0.3548024091342496;
0.32461349175048343;
0.3133301120542196;
0.26988910729235605;
0.2864931354676195;
0.29114909034743197;
0.2397179878485345;
0.2421418839628128;
0.2962666831461177;
0.2936761281910648;
0.2583361447155739;
0.2708749527714296;
0.2680376222919407;
0.2749663710753886;
0.2843355820572174;
0.3197617882898364;
0.28303606812383897;
0.330164046595796;
0.31286772916475397;
0.31700457081548444;
0.23684860185890277;
0.2618026134497834;
0.2991724852543269;
0.3117183538490133;
0.27981993483743334;
0.2441387604796063;
0.3409341691875858;
0.240845134151778;
0.35579923433591804;
0.2565574818598353;
0.2845746601271728;
0.2966142967688881;
0.3513336440021466;
0.27835475261929205;
0.34825517529650585;
0.2790880923304994;
0.2928072764777508;
0.21252943444200134;
0.3173222582424;
0.2985926600744224;
0.2990645342462907;
0.314743396758306;
0.27992454253570853;
0.24990562105878616;
0.30963352202142724;
0.31237885775289614;
0.2947290313316002;
0.3376650364768905;
0.2637026465064399;
0.2812701133156809;
0.28639292162781604;
0.2758277398574948;
0.2494195513497754;
0.3211373038530112;
0.28031773127281806;
0.3861548800522007;
0.3645810418758634;
0.2907880858798717;
0.29333019153755385;
0.283103007521446;
0.30451814180330794;
0.2650514839892261;
0.2769420002638166;
0.29515417153926626;
0.2622961977369583;
0.340368904126013;
0.24374842185534507;
0.29600225472124075;
0.2880678064391736;
0.29861349957138317;
0.28209597494075583;
0.3347099495834867;
0.2389918197933593;
0.2583712373164437;
0.28696166207544005;
0.31346183656624904;
0.3383636588677886;
0.25595495308803967;
0.35620422055570067;
0.31753954344968005;
0.3166695168405616;
0.3480327299296975;
0.31939945818103055;
0.2957610811232267;
0.32430654035499507;
0.24569836798695452;
0.29609396782922226;
0.3280459345194117;
0.3050754156989994;
0.3068077371810184;
0.3399263312628944;
0.31294049240126964;
0.2887774410330635;
0.25378541940174026;
0.30121440726595233;
0.24388523539245785;
0.24731989950715466;
0.25943080457187323;
0.3259959841449605;
0.2754687378434757;
0.24168648024253706;
0.3508400864690002;
0.2855445102691748;
0.32800841330588654;
0.22602072851644692;
0.2818824520767814;
0.2866750969359662;
0.23086645779631929;
0.32856501836700736;
0.285416507943259;
0.31347777948281563;
0.22567000393855785;
0.25558650750230005;
0.27967093587932834;
0.30248601487964405;
0.28117308421445747;
0.30983621150764484;
0.3370322252133077;
0.43583859344849807;
0.258100208915516;
0.2765207924724597;
0.2574254806522795;
0.3083412214145806;
0.27279697661607133;
0.33002237603243956;
0.2927475452764531;
0.35244420365078033;
