0.29401062721032667;
0.2850254662062557;
0.27528400355296306;
0.2825251325994629;
0.26825511916365163;
0.2768250482686983;
0.26051042163640636;
0.28085148968818674;
0.24974096133519408;
0.29644935671505535;
0.3382960218402809;
0.3578044433639501;
0.2771993809378273;
0.2723920615167436;
0.2753373740917426;
0.2685496173068029;
0.31979026222592355;
0.30319474976237537;
0.3843129205149657;
0.32420876605022264;
0.298371891022849;
0.2756425512572697;
0.3066645253801184;
0.3098118030470544;
0.26386495642459823;
0.2825304777681787;
0.28061417733714394;
0.2663163618109868;
0.280257373765573;
0.2586584702522871;
0.28782263729390134;
0.2560072889766244;
0.3094504022413297;
0.31833311924383934;
0.31977079335855846;
0.3173129597668946;
0.2926668114763681;
0.24792729310658324;
0.2855657681082387;
0.2749725641705567;
0.3022256736939783;
0.23033132157673586;
0.2771400956778604;
0.3200862227704113;
0.24451629562038096;
0.3254016432736245;
0.3100320631163672;
0.26111959908116084;
0.2877590062046427;
0.31001814737648054;
0.34140654020888506;
0.29536868362741386;
0.290383386763562;
0.3063542259814211;
0.30656307212468903;
0.3105931527227273;
0.27093918759886626;
0.27786401032114344;
0.286911025473676;
0.3323772425674528;
0.2824648992324721;
0.27478670310391495;
0.2983527857591754;
0.32773855905489413;
0.25820457345331593;
0.37054119548549486;
0.3251500540999931;
0.28752403553722955;
0.3259524041629144;
0.33251956806143673;
0.2583094890823714;
0.34152835415192223;
0.30697833315145767;
0.36771427759193015;
0.2811515748743234;
0.2972964342600117;
0.3274194830248722;
0.29059213296476494;
0.3335321186611396;
0.3187595543294536;
0.270976415859103;
0.2657265486349141;
0.3492048992153446;
0.28625604751940026;
0.24503137839721195;
0.22704125646703122;
0.3140477788595538;
0.2671549984403713;
0.27933695704681066;
0.33232042718808913;
0.2856516737231904;
0.3165439096727998;
0.3186556541104888;
0.2995150517328492;
0.2949424833811646;
0.3076462470585937;
0.27789259521412335;
0.37058020333734953;
0.30102893175423323;
0.27912114377519825;
0.3442260254478373;
0.2651291732418286;
0.2528948724432234;
0.31723703715443685;
0.2550107751069064;
0.35141778211632413;
0.308556410447144;
0.26199461708284044;
0.31484408161267163;
0.34221296989391425;
0.2362040007115734;
0.23624880196368778;
0.30852595445490527;
0.28243950943650215;
0.27343275001356104;
0.26713259198256967;
0.26958800011797956;
0.22475734826484314;
0.25614439007392364;
0.27832205821874034;
0.24008069797469905;
0.3035872158456935;
0.20934971623594578;
0.32235026538651895;
0.2624429063760946;
0.29500941722687335;
0.31768652152919596;
0.28875053808352563;
0.3279694404519833;
0.3028882621607426;
0.2898301129656355;
0.3537856045966118;
0.2963651889868297;
0.37412151233964996;
0.28536532087788624;
0.34954422754400855;
0.29355576893251983;
0.2896398961220435;
0.3011955944251256;
0.25486266810896085;
0.3468272514776678;
0.2884159665444736;
0.25368233603485757;
0.35170700945170785;
0.2887085117613671;
0.3257075580364707;
0.2910747895814367;
0.2925729828376026;
0.34162252205599375;
0.2893648390427449;
0.31248776542742424;
0.23682479542855794;
0.29376868589035765;
0.20863461677408007;
0.29468850003273;
0.32642942778348344;
0.30893786132812207;
0.29598624712582483;
0.33479013607705893;
0.29336686262160283;
0.26349696089674696;
0.26015819133724416;
0.33514357787430443;
0.2770105515814835;
0.2900047293927291;
0.3403062758877509;
0.30249520884804815;
0.3073770861931732;
0.24798110641166024;
0.3142085627005153;
0.30842875050354496;
0.2923074700213762;
0.4026978894145698;
0.2960991610182201;
0.29927728273716253;
0.27910059380363333;
0.3551806563185183;
0.34639459066711775;
0.30702110569492413;
0.3140791125577335;
0.29521910238990823;
0.2924350210046446;
0.28657788069117107;
0.34644421533698583;
0.3026277530181893;
0.2779097607178031;
0.2519698668529784;
0.262540825116452;
0.2675541036755211;
0.24973371372854025;
0.27326526792290584;
0.34323092152810486;
0.2840274712618351;
0.32133075751830753;
0.3268152635568473;
0.28397999265754076;
0.3070304448563478;
0.2729678275998456;
0.21823142768307055;
0.26098878622057353;
