0.27763599983372683;
0.307563546116258;
0.36241583506567354;
0.2975551675626739;
0.3075786062174187;
0.2824877379110504;
0.2790510005541343;
0.37168953669872984;
0.2729157204178405;
0.2646196209384914;
0.2978572656945617;
0.31427839299032045;
0.2838203712186996;
0.2891249138068158;
0.3048066918760356;
0.21174181068376938;
0.3381611669962071;
0.3603660999041026;
0.3414308136274603;
0.25472834956409646;
0.3060212181414191;
0.30661848487871657;
0.268670429141473;
0.30245270352807063;
0.36042967924806496;
0.28032366141709614;
0.3248479574154217;
0.2591714029495482;
0.2605899540099287;
0.34989676078566817;
0.28474254525815296;
0.3181328815816672;
0.29814021247821554;
0.28771657312718196;
0.31628724747865844;
0.33577942425302026;
0.27163895289918694;
0.33140522950976115;
0.21823300385956768;
0.2942367655100984;
0.3291186882132107;
0.31126821111573444;
0.28286569924735366;
0.2652176486305197;
0.28631765234057033;
0.3244735286849905;
0.3206047862139135;
0.21600491538408162;
0.2799699116547205;
0.3634247384833472;
0.2891847698171492;
0.3208099800990054;
0.3080408481771578;
0.3397706946090787;
0.299879646196621;
0.32119601505221623;
0.23387497251210781;
0.24738341423654284;
0.2913510749723945;
0.2163751393960713;
0.37265773251914125;
0.3106970626459017;
0.278584918528505;
0.27494590576074257;
0.2390345981393185;
0.30956057234519974;
0.31289347343306956;
0.2840212541848435;
0.3387070938008552;
0.33762530371415644;
0.2871767065204212;
0.3192048883137508;
0.27484291627556007;
0.2107951319828981;
0.24053336813437995;
0.2134415113239254;
0.32315023335286297;
0.2737038857791272;
0.31621414045184965;
0.28904852436977113;
0.28111283805698956;
0.2296963355225837;
0.2658476085668886;
0.2761681861586483;
0.35748514502098994;
0.26941546024739;
0.2719065618496129;
0.3225689794710581;
0.2974732685629067;
0.2442371172536329;
0.31175263393834185;
0.3695700415223393;
0.307897827406813;
0.25321573745427584;
0.24484071865586332;
0.35970702976291336;
0.30153512209871436;
0.3388728171773486;
0.24565667735600896;
0.2333943872015043;
0.2611262073512908;
0.30759947377995706;
0.26661477299177727;
0.2455959454506131;
0.3271452122443116;
0.23182462221038955;
0.33944793421899105;
0.2985359089928263;
0.3046762194671182;
0.3250119220884697;
0.3367201023913276;
0.320271925830907;
0.25202717142501285;
0.22462022625311084;
0.2370844398437714;
0.30812388756246845;
0.26848577540319224;
0.3070813468471176;
0.24694879108097095;
0.3320263943214065;
0.2970460485936887;
0.3098029741430759;
0.2708555638992273;
0.33395353035092623;
0.3141750399180934;
0.32100818439841533;
0.3263850449244876;
0.3291398440794485;
0.24082263934213663;
0.283475195417318;
0.3373159829807221;
0.2648752975565828;
0.28636069588452456;
0.2915408589171506;
0.3018579916997703;
0.2951904535480524;
0.30902966774142565;
0.3148204603697694;
0.25406299699441903;
0.32298555667840284;
0.36774135775152833;
0.28728449005496;
0.2546414337692648;
0.2512399432142534;
0.3457282977894007;
0.3108376819836136;
0.27013921434140437;
0.2411618778252078;
0.3072618522290599;
0.33731100512183815;
0.24841647758531302;
0.28592272178376615;
0.37443829352189684;
0.2727677800399824;
0.3152956822900034;
0.3301930675155479;
0.341430546608422;
0.3177023608893313;
0.25705535151769504;
0.3423134015790696;
0.2884253430020535;
0.26277354482961823;
0.2607139733429239;
0.28107769268085875;
0.28418463954915013;
0.3240598354860773;
0.2522883640100534;
0.325819369861742;
0.27130244120403946;
0.23278981278465274;
0.2814410499241937;
0.24866547121454086;
0.287157231163922;
0.2908316438326775;
0.32140441019198707;
0.34692288554633494;
0.2977846057932892;
0.30424883913504536;
0.3113599035962299;
0.30091923104118157;
0.22206238277658863;
0.23655601950811125;
0.33351986776929915;
0.360793474002191;
0.35736610871175645;
0.23996678511358954;
0.26869619236235187;
0.32188757741777885;
0.30165903357190826;
0.34666107700085746;
0.317357390580055;
0.2843875044357224;
0.28994281079761813;
0.31017019524982686;
0.31539454592101895;
0.31815074255952014;
0.25350895634647214;
0.2891761968484898;
0.26124942389477895;
0.31443448967661863;
