0.280912247052802;
0.2639090371723888;
0.34286133796752305;
0.26327519068202104;
0.26120924204615;
0.24838612959485026;
0.30881273381416136;
0.27539799293820294;
0.30649939915201596;
0.2941786742254664;
0.282360865842681;
0.35247863979644545;
0.21514443673576367;
0.30449210393875353;
0.3084583782382625;
0.32417932997117815;
0.333978240168289;
0.25967995986520553;
0.3171767671660171;
0.2805388241498656;
0.33444200797583207;
0.3114524397266207;
0.287255651106065;
0.2768949618527759;
0.32047092529982285;
0.2999110594361256;
0.27841959167525837;
0.23443729690158932;
0.265132022294153;
0.2369671192747713;
0.3341629502181155;
0.29517985797423224;
0.27974836834552425;
0.2501838146521488;
0.3083279089748928;
0.3542768633214682;
0.3134590450402936;
0.2661748944539125;
0.2919489322080329;
0.35866466239945693;
0.27309320872456444;
0.19611335729942683;
0.2984673158532725;
0.357824423494417;
0.24007577012479817;
0.25104269871572726;
0.2764179744873829;
0.30018020728878514;
0.24442083322666236;
0.27699123706857043;
0.30702467248547227;
0.2792578352186007;
0.3270348609189347;
0.2949851791853115;
0.27242351711794766;
0.2804013887420566;
0.26048087127990793;
0.29180068797310516;
0.26091349839405;
0.2723711910788265;
0.28281004364928314;
0.2762304208667825;
0.29407529433868296;
0.30031438112647413;
0.3209385447362598;
0.22731219911912784;
0.22831852683627266;
0.28813097900581774;
0.233453753812644;
0.28964437760864553;
0.28394733298009056;
0.2842271440284709;
0.2944222622327502;
0.29305150331824026;
0.28324775343234626;
0.24661464235148578;
0.30046915802085705;
0.2330117100007006;
0.3124925170691444;
0.24916744944122804;
0.2872835091083434;
0.28855261119769415;
0.26534664323854884;
0.23640260096358434;
0.3003687576397374;
0.2847478239192892;
0.2635425576245293;
0.31676719769469436;
0.31435421924123363;
0.2735363362143354;
0.24733638927994334;
0.29853770098072935;
0.2776615825480099;
0.30499502853561;
0.2655708337814563;
0.30887410288652123;
0.32221801319547744;
0.3734492689623889;
0.2896909409403894;
0.3338329078503203;
0.26457990794639114;
0.32996077545432234;
0.29323255167179957;
0.26583494950958114;
0.29699876839723355;
0.24535989899892927;
0.26448047213363945;
0.25701584761904717;
0.30652733839671636;
0.2842249814087813;
0.3041833259081792;
0.28346275300064067;
0.29656260433386683;
0.3246393677856012;
0.26223940484556196;
0.20305474982091704;
0.34460351113356397;
0.21810247233014315;
0.37442455107555433;
0.28193759471840046;
0.2875583314680899;
0.3159396332564955;
0.2809815424754892;
0.3114336139897104;
0.2574872203608106;
0.2387670504517786;
0.3460498546534435;
0.33293615037571733;
0.23299246193506007;
0.2736882206762832;
0.2672157234291326;
0.28629740001406934;
0.27742461790330913;
0.25207165359949973;
0.267835268006119;
0.30696574094165174;
0.3275121197766837;
0.26144430431752336;
0.25164756850894765;
0.2744267555399709;
0.26816408931597097;
0.22819621940632015;
0.2724679046393359;
0.3169625516085775;
0.26857350057742974;
0.27866368048593365;
0.23800212643933968;
0.3000421600843454;
0.27755736766190614;
0.38020843057532155;
0.3121285266639601;
0.2876979509508048;
0.2658236293523864;
0.3213669814556019;
0.30061130024657545;
0.34152871504731147;
0.2863897319098036;
0.34022435085268;
0.26029571849931304;
0.36078830889496843;
0.23073934776758853;
0.23857156702126006;
0.2874383391056551;
0.2830691383072425;
0.3494783114781814;
0.3063791836163697;
0.30726114668211363;
0.2839561383513167;
0.2984500343423662;
0.3287302878018929;
0.30325279758823986;
0.32918872809875893;
0.32637063217589657;
0.2226186332983647;
0.32214776839032455;
0.3534850447211592;
0.30818718304260906;
0.23600991258897286;
0.3132347172716354;
0.2702787746892085;
0.2669835079164318;
0.27285928978716606;
0.27263033326973646;
0.37386120079544183;
0.2703928654094206;
0.30613627373670044;
0.2999647510838012;
0.27261478514658344;
0.27421592532380346;
0.2856617346513249;
0.2987372650276916;
0.2537663171150154;
0.26422626442332225;
0.3456722558799706;
0.3068166043517332;
0.3354285555258773;
0.230992988346296;
0.24214790134544242;
0.2917956252277415;
0.24524779846807582;
