0.2777578869307772;
0.271843760073617;
0.24938477769597017;
0.29871474812530346;
0.2892376394911687;
0.28888085243298284;
0.27674324169187964;
0.3304386170728381;
0.33964923690305704;
0.34553394599273024;
0.36148954658371074;
0.2695906928738556;
0.2667790826409474;
0.23795651168000173;
0.2559894525728807;
0.323522366277025;
0.252455010663957;
0.23317307373972698;
0.23626075440515845;
0.3216998095638818;
0.302584099535575;
0.2664974457790565;
0.25243815449995916;
0.36249282902572744;
0.2912037096384411;
0.29702821857252226;
0.2913136295001004;
0.2793940650015892;
0.3344230703326538;
0.343814166288171;
0.3295325320870798;
0.23253095841554838;
0.26581544102451155;
0.28462157584541403;
0.27009486454832143;
0.23336031308150634;
0.2660476473553137;
0.33495282791221037;
0.34500767457391773;
0.2361942659976719;
0.30716158850596353;
0.30842357586647273;
0.29698865763931553;
0.2949459032398603;
0.24148361380321182;
0.276610660855419;
0.2873995284641978;
0.2720315430072681;
0.22001684517731612;
0.3595171851903548;
0.24717764773242534;
0.27837500461911513;
0.2692697568165278;
0.3408155166371259;
0.3015100928497507;
0.2686372889585637;
0.2881339768338745;
0.29268951800054394;
0.33069604309506095;
0.27436436335494724;
0.3242070017579902;
0.27487010289389924;
0.25043766313369387;
0.31678216520925906;
0.2961703691746333;
0.3318648418961934;
0.2892367343916151;
0.2466909553907625;
0.2828809072961563;
0.25560774850994944;
0.2696942551706854;
0.2907688155326025;
0.31709635939252623;
0.39234296074390174;
0.2010348394692554;
0.3051877702632667;
0.24431349320451365;
0.25370024360813814;
0.24998859128604156;
0.24982911016776085;
0.3159085304201595;
0.3223194709914609;
0.31809171329755337;
0.2979379041877203;
0.34235061773292996;
0.22952056577875132;
0.30543132258601874;
0.27313306993113895;
0.26005844527491195;
0.2856376053309996;
0.30679330041885733;
0.32524143503013264;
0.30266585855661693;
0.2796083496068693;
0.283166578834717;
0.24700201638525277;
0.32890881577472114;
0.27800370673013175;
0.30717208669124363;
0.2538889258124508;
0.2838460463785035;
0.2502816395209519;
0.28357863700273833;
0.2597692337372596;
0.2745717934617671;
0.31454007050763466;
0.290840181957096;
0.25902572332900453;
0.30087193116798616;
0.20353750613724447;
0.26094812892382174;
0.2506295758251393;
0.2656536604725843;
0.2584467676208051;
0.2644198066165388;
0.2734611034330355;
0.3417657717568476;
0.32507311123016414;
0.2855362275507445;
0.27561844412403175;
0.2622089992887871;
0.298832748740029;
0.2543969589737395;
0.2954753521744003;
0.2896405805148753;
0.2613823230343013;
0.2961630197135806;
0.3168659239377958;
0.2916431046078649;
0.30187710541789453;
0.27857172818483156;
0.32215311492809995;
0.25709108393095;
0.2943324319364569;
0.2577456405125574;
0.27574236298912025;
0.29700136538381616;
0.32044019566700344;
0.326931627460152;
0.3122220182347283;
0.24966804854861;
0.30574586898127537;
0.3116164685065125;
0.3981471960304303;
0.24361745685226605;
0.2889630587357879;
0.2866079095938295;
0.300599405774081;
0.3025853880965389;
0.3099857336851883;
0.22999236668218184;
0.2937584492332045;
0.28705408809185745;
0.33675936991573335;
0.24501050039493724;
0.25287524615654794;
0.3148827655247445;
0.2982160720440611;
0.3330680356967275;
0.2662781504779861;
0.29963185344930054;
0.18030408977610787;
0.24330635424861305;
0.22199521981310216;
0.26086948772388985;
0.23468374794220506;
0.29785502723480606;
0.34209672092932325;
0.25090674927350554;
0.2809171959904411;
0.2945823168741073;
0.3393391882469248;
0.2925606897258319;
0.27337046301239953;
0.22887092629588232;
0.25557975083883866;
0.2823208090162188;
0.3101080801585569;
0.3022812440289936;
0.2875745737183685;
0.32261475583649996;
0.2541633784534374;
0.3102761418005913;
0.25409937879874467;
0.2444346829437656;
0.2547426834943889;
0.2208582628337502;
0.2527181862855247;
0.2913888945513627;
0.3283710876864434;
0.22489657303046748;
0.2713002683567221;
0.2921164073233435;
0.23125056352986456;
0.3443281485006924;
0.30401576971209493;
0.3259308946230698;
0.3173588420027448;
0.3145331605702664;
0.28539506236903817;
